1.93102e-312, 0
0.03, 3.79771e-09
0.04, -0.00362353
0.063, -0.0197075
0.081, -0.0468724
0.1, -0.0923901
0.12, -0.162966
0.14, -0.261142
0.16, -0.390717
0.18, -0.555157
0.2, -0.757564
0.22, -1.00064
0.24, -1.28664
0.26, -1.61733
0.28, -1.99398
0.3, -2.41726
0.32, -2.88726
0.34, -3.40346
0.36, -3.9647
0.38, -4.56918
0.4, -5.21448
0.42, -5.89757
0.441, -6.64709
0.46, -7.36234
0.48, -8.13523
0.5, -8.92877
0.52, -9.73788
0.541, -10.5924
0.56, -11.3818
0.581, -12.242
0.6, -13.0274
0.62, -13.8399
0.64, -14.6402
0.66, -15.4248
0.68, -16.1907
0.7, -16.9348
0.72, -17.654
0.74, -18.3451
0.76, -19.0043
0.78, -19.6276
0.8, -20.2107
0.82, -20.7494
0.841, -21.2552
0.86, -21.6801
0.88, -22.0673
0.9, -22.4021
0.92, -22.686
0.94, -22.9225
0.96, -23.1163
0.98, -23.2731
1.001, -23.3979
1.02, -23.4989
1.04, -23.5822
1.06, -23.6524
1.08, -23.7142
1.1, -23.7715
1.12, -23.828
1.14, -23.8872
1.16, -23.9534
1.18, -24.0315
1.2, -24.1276
1.221, -24.2417
1.24, -24.3975
1.26, -24.583
1.28, -24.8043
1.3, -25.0579
1.321, -25.3426
1.34, -25.6264
1.36, -25.9223
1.38, -26.2154
1.4, -26.5041
1.42, -26.7908
1.44, -27.0804
1.46, -27.3776
1.48, -27.6855
1.5, -28.0047
1.521, -28.3439
1.54, -28.6674
1.56, -29.0029
1.58, -29.3349
1.6, -29.659
1.62, -29.9721
1.64, -30.2714
1.66, -30.5547
1.68, -30.8199
1.7, -31.0648
1.72, -31.287
1.74, -31.4844
1.76, -31.6558
1.78, -31.8005
1.8, -31.9193
1.821, -32.0166
1.84, -32.0857
1.86, -32.1404
1.88, -32.1816
1.9, -32.2147
1.92, -32.2451
1.94, -32.2775
1.96, -32.3157
1.98, -32.3616
2, -32.4152
2.02, -32.4756
2.04, -32.5419
2.06, -32.6138
2.081, -32.6885
2.1, -32.7778
2.12, -32.8746
2.14, -32.9815
2.16, -33.0971
2.181, -33.2209
2.2, -33.3391
2.222, -33.4591
2.24, -33.5664
2.26, -33.6659
2.28, -33.7562
2.3, -33.8404
2.32, -33.9236
2.34, -34.0113
2.36, -34.1085
2.38, -34.2184
2.4, -34.3423
2.42, -34.4796
2.44, -34.6278
2.46, -34.7831
2.481, -34.9476
2.5, -35.0958
2.52, -35.2398
2.54, -35.3683
2.561, -35.4722
2.58, -35.5681
2.6, -35.6389
2.62, -35.6955
2.64, -35.7429
2.66, -35.7859
2.68, -35.8279
2.7, -35.87
2.72, -35.9113
2.74, -35.9489
2.76, -35.9788
2.78, -35.9974
2.8, -36.0022
2.82, -35.9924
2.84, -35.97
2.86, -35.9388
2.88, -35.9046
2.9, -35.8734
2.92, -35.8507
2.94, -35.8403
2.96, -35.8441
2.981, -35.852
3, -35.8864
3.02, -35.9233
3.041, -35.965
3.06, -36.0087
3.08, -36.0513
3.1, -36.0875
3.12, -36.1114
3.14, -36.1184
3.16, -36.1069
3.18, -36.0797
3.2, -36.044
3.22, -36.0097
3.241, -35.9698
3.26, -35.9786
3.28, -35.9967
3.3, -36.0352
3.32, -36.0879
3.34, -36.1454
3.36, -36.1972
3.38, -36.2348
3.401, -36.2461
3.42, -36.2543
3.44, -36.238
3.46, -36.2151
3.48, -36.1951
3.5, -36.1864
3.52, -36.1937
3.54, -36.2169
3.56, -36.2513
3.58, -36.2895
3.6, -36.3243
3.621, -36.3506
3.64, -36.3683
3.66, -36.3817
3.68, -36.395
3.7, -36.412
3.72, -36.4324
3.74, -36.4513
3.76, -36.4605
3.78, -36.4521
3.8, -36.4228
3.82, -36.3752
3.84, -36.3179
3.86, -36.2623
3.88, -36.2193
3.9, -36.1955
3.92, -36.1918
3.94, -36.2028
3.96, -36.218
3.98, -36.2251
4, -36.2128
4.021, -36.1632
4.04, -36.1131
4.06, -36.0287
4.08, -35.938
4.1, -35.8573
4.12, -35.8018
4.14, -35.7811
4.161, -35.7838
4.181, -35.8278
4.2, -35.8866
4.22, -35.943
4.24, -35.9897
4.26, -36.0235
4.28, -36.046
4.3, -36.0597
4.32, -36.0654
4.34, -36.0615
4.36, -36.0454
4.38, -36.0153
4.4, -35.9723
4.421, -35.8978
4.44, -35.8646
4.46, -35.8172
4.48, -35.7823
4.5, -35.7634
4.52, -35.7598
4.54, -35.7666
4.56, -35.7756
4.58, -35.777
4.6, -35.7619
4.62, -35.7247
4.64, -35.6642
4.661, -35.561
4.68, -35.4961
4.7, -35.4081
4.721, -35.3072
4.74, -35.2766
4.76, -35.2507
4.78, -35.2478
4.8, -35.2597
4.82, -35.2766
4.84, -35.2905
4.86, -35.2979
4.881, -35.2971
4.9, -35.2954
4.921, -35.2724
4.94, -35.2593
4.96, -35.219
4.98, -35.1645
5, -35.1006
5.02, -35.0355
5.04, -34.979
5.06, -34.939
5.08, -34.92
5.1, -34.9211
5.12, -34.9365
5.14, -34.9563
5.16, -34.9688
5.18, -34.9633
5.2, -34.9328
5.22, -34.8755
5.24, -34.7959
5.26, -34.7039
5.28, -34.6128
5.3, -34.5361
5.32, -34.4845
5.34, -34.463
5.36, -34.4694
5.381, -34.486
5.4, -34.524
5.42, -34.5553
5.44, -34.5791
5.46, -34.5962
5.48, -34.6107
5.5, -34.6248
5.52, -34.635
5.54, -34.6312
5.56, -34.602
5.58, -34.541
5.6, -34.4508
5.62, -34.3431
5.64, -34.2347
5.661, -34.1165
5.68, -34.0719
5.7, -34.0405
5.72, -34.0366
5.74, -34.0476
5.76, -34.0569
5.781, -34.0443
5.8, -34.0137
5.82, -33.9419
5.841, -33.817
5.86, -33.7327
5.88, -33.6272
5.9, -33.5483
5.92, -33.5099
5.94, -33.5154
5.96, -33.5565
5.98, -33.6165
6, -33.677
6.02, -33.7244
6.04, -33.754
6.06, -33.769
6.08, -33.7772
6.1, -33.7869
6.12, -33.8025
6.141, -33.8159
6.16, -33.8432
6.18, -33.8472
6.2, -33.8291
6.22, -33.7861
6.24, -33.7231
6.26, -33.6515
6.281, -33.5604
6.3, -33.5296
6.32, -33.5044
6.34, -33.5011
6.36, -33.5103
6.38, -33.5172
6.4, -33.5053
6.42, -33.4611
6.44, -33.3776
6.46, -33.2575
6.48, -33.1131
6.501, -32.9269
6.52, -32.8325
6.54, -32.7442
6.56, -32.7086
6.58, -32.7239
6.6, -32.7738
6.62, -32.8346
6.641, -32.8859
6.66, -32.9163
6.68, -32.93
6.701, -32.9292
6.72, -32.9349
6.74, -32.9316
6.76, -32.9223
6.78, -32.9017
6.8, -32.8657
6.82, -32.8143
6.84, -32.7521
6.86, -32.687
6.88, -32.6285
6.9, -32.5848
6.92, -32.56
6.94, -32.5536
6.96, -32.5593
6.98, -32.5674
7, -32.5663
7.021, -32.5366
7.04, -32.5043
7.06, -32.4326
7.08, -32.342
7.1, -32.245
7.12, -32.1577
7.14, -32.0954
7.16, -32.0688
7.18, -32.08
7.2, -32.1206
7.221, -32.1703
7.24, -32.2186
7.26, -32.2508
7.28, -32.2645
7.3, -32.2654
7.32, -32.259
7.34, -32.2457
7.36, -32.22
7.38, -32.1748
7.4, -32.1075
7.42, -32.0227
7.44, -31.9318
7.46, -31.8495
7.48, -31.7889
7.501, -31.7391
7.52, -31.7501
7.54, -31.772
7.56, -31.803
7.58, -31.8269
7.6, -31.8289
7.62, -31.7994
7.64, -31.7366
7.661, -31.622
7.68, -31.549
7.7, -31.4548
7.72, -31.3848
7.74, -31.351
7.76, -31.3565
7.78, -31.3948
7.8, -31.4521
7.82, -31.5132
7.84, -31.5661
7.86, -31.6059
7.88, -31.6354
7.9, -31.6632
7.92, -31.6994
7.94, -31.7501
7.96, -31.8133
7.98, -31.8767
8, -31.9223
8.02, -31.9342
8.04, -31.9058
8.06, -31.8434
8.08, -31.7631
8.1, -31.6847
8.12, -31.6252
8.14, -31.5936
8.161, -31.5828
8.18, -31.5942
8.2, -31.6023
8.221, -31.585
8.24, -31.5425
8.26, -31.4478
8.28, -31.3139
8.3, -31.1577
8.321, -30.964
8.34, -30.8812
8.36, -30.8168
8.38, -30.819
8.4, -30.8795
8.42, -30.9731
8.441, -31.0672
8.461, -31.1393
8.48, -31.1811
8.501, -31.1968
8.52, -31.2032
8.54, -31.2048
8.56, -31.2101
8.58, -31.2186
8.6, -31.2247
8.62, -31.2209
8.641, -31.1776
8.66, -31.1643
8.68, -31.113
8.7, -31.0561
8.72, -31.0045
8.74, -30.9684
8.76, -30.9539
8.78, -30.9612
8.8, -30.9842
8.82, -31.0116
8.84, -31.0296
8.861, -31.0144
8.88, -30.9957
8.9, -30.9303
8.92, -30.8408
8.94, -30.7413
8.96, -30.6506
8.98, -30.5867
9, -30.5618
9.02, -30.5773
9.04, -30.6222
9.06, -30.6776
9.08, -30.7248
9.1, -30.7546
9.121, -30.7696
9.14, -30.7801
9.161, -30.786
9.18, -30.804
9.2, -30.8066
9.22, -30.7919
9.24, -30.7548
9.26, -30.6983
9.28, -30.6322
9.3, -30.5702
9.32, -30.5249
9.34, -30.5041
9.36, -30.5083
9.38, -30.5304
9.4, -30.5579
9.421, -30.5743
9.44, -30.5706
9.46, -30.5312
9.48, -30.4575
9.5, -30.3563
9.52, -30.2421
9.54, -30.1338
9.56, -30.0501
9.581, -29.9759
9.6, -29.9975
9.621, -30.0192
9.64, -30.0924
9.66, -30.1651
9.68, -30.2322
9.701, -30.2861
9.72, -30.3303
9.74, -30.3741
9.761, -30.4285
9.78, -30.5002
9.8, -30.5794
9.82, -30.6481
9.84, -30.6829
9.86, -30.6681
9.88, -30.6033
9.9, -30.5033
9.92, -30.392
9.94, -30.2937
9.96, -30.2261
9.98, -30.1959
10, -30.1972
10.02, -30.2142
10.041, -30.2247
10.06, -30.2115
10.08, -30.1525
10.1, -30.0471
10.121, -29.8696
10.14, -29.7496
10.16, -29.605
10.18, -29.5029
10.2, -29.4635
10.22, -29.4902
10.24, -29.5675
10.26, -29.6665
10.28, -29.7574
10.3, -29.8211
10.32, -29.8539
10.34, -29.8638
10.36, -29.8646
10.38, -29.8688
10.4, -29.8834
10.42, -29.9078
10.44, -29.9338
10.46, -29.9489
10.481, -29.9149
10.5, -29.9046
10.521, -29.8045
10.54, -29.7566
10.561, -29.6451
10.58, -29.6071
10.6, -29.5724
10.62, -29.5672
10.64, -29.5839
10.66, -29.6067
10.68, -29.6162
10.7, -29.5941
10.72, -29.5282
10.74, -29.4166
10.76, -29.2692
10.78, -29.1068
10.8, -28.9568
10.82, -28.8467
10.84, -28.796
10.86, -28.8087
10.88, -28.8693
10.9, -28.949
10.92, -29.0186
10.94, -29.0631
10.96, -29.0853
10.98, -29.0991
11, -29.1166
11.02, -29.1403
11.04, -29.1617
11.06, -29.1668
11.08, -29.1432
11.101, -29.0509
11.12, -29.0036
11.141, -28.8676
11.161, -28.7762
11.18, -28.7303
11.2, -28.685
11.22, -28.6674
11.24, -28.6694
11.261, -28.6761
11.28, -28.6708
11.3, -28.6368
11.32, -28.5646
11.341, -28.4265
11.36, -28.3183
11.381, -28.1228
11.4, -28.0251
11.42, -27.9202
11.441, -27.8318
11.46, -27.8632
11.48, -27.916
11.5, -27.9949
11.52, -28.0735
11.54, -28.1327
11.561, -28.1677
11.58, -28.1883
11.6, -28.2116
11.62, -28.2477
11.64, -28.2923
11.66, -28.3257
11.68, -28.3236
11.7, -28.2697
11.72, -28.1642
11.74, -28.0229
11.76, -27.871
11.78, -27.735
11.8, -27.6349
11.821, -27.5595
11.84, -27.5557
11.86, -27.5668
11.88, -27.5799
11.9, -27.5702
11.92, -27.518
11.94, -27.4136
11.96, -27.2611
11.98, -27.0786
12.001, -26.8423
12.02, -26.7368
12.041, -26.5962
12.06, -26.6067
12.08, -26.6512
12.1, -26.7404
12.12, -26.8407
12.14, -26.9219
12.16, -26.9685
12.18, -26.9835
12.201, -26.9822
12.22, -26.9867
12.24, -27.0077
12.26, -27.0481
12.28, -27.095
12.3, -27.1256
12.32, -27.1179
12.34, -27.0599
12.361, -26.9083
12.38, -26.8186
12.4, -26.6803
12.42, -26.5615
12.441, -26.4534
12.461, -26.4146
12.48, -26.4134
12.5, -26.4211
12.52, -26.4182
12.54, -26.3799
12.56, -26.288
12.58, -26.1369
12.6, -25.9357
12.62, -25.7081
12.64, -25.4881
12.66, -25.3131
12.68, -25.2137
12.7, -25.2041
12.72, -25.2732
12.74, -25.3855
12.76, -25.4955
12.78, -25.5698
12.8, -25.6021
12.82, -25.6091
12.84, -25.6144
12.861, -25.6279
12.88, -25.6671
12.9, -25.6946
12.92, -25.6988
12.94, -25.6642
12.961, -25.5417
12.981, -25.4275
13, -25.3425
13.02, -25.2167
13.04, -25.114
13.06, -25.046
13.08, -25.0142
13.1, -25.0095
13.12, -25.0142
13.14, -25.0064
13.16, -24.9657
13.18, -24.8779
13.2, -24.7396
13.221, -24.5116
13.24, -24.3644
13.26, -24.1743
13.28, -24.0245
13.3, -23.94
13.321, -23.8989
13.34, -23.9772
13.36, -24.0731
13.38, -24.1665
13.4, -24.227
13.42, -24.2485
13.44, -24.249
13.46, -24.255
13.48, -24.2808
13.5, -24.3173
13.52, -24.3371
13.54, -24.3114
13.56, -24.2259
13.581, -24.0319
13.6, -23.9145
13.62, -23.7418
13.64, -23.5956
13.66, -23.4952
13.68, -23.4465
13.7, -23.4411
13.72, -23.4586
13.74, -23.4714
13.76, -23.4523
13.78, -23.3806
13.8, -23.2481
13.82, -23.0621
13.84, -22.8447
13.86, -22.6291
13.88, -22.4518
13.9, -22.3441
13.92, -22.3223
13.94, -22.3819
13.961, -22.4831
13.98, -22.6181
14, -22.7286
14.02, -22.7978
14.04, -22.8272
14.06, -22.8372
14.08, -22.8567
14.1, -22.9087
14.121, -22.9949
14.14, -23.1028
14.16, -23.1777
14.18, -23.189
14.2, -23.1199
14.22, -22.9796
14.24, -22.7967
14.26, -22.6082
14.28, -22.4476
14.3, -22.3371
14.321, -22.2635
14.341, -22.2544
14.36, -22.2631
14.38, -22.2579
14.4, -22.2081
14.42, -22.0916
14.44, -21.9027
14.461, -21.5971
14.48, -21.3835
14.5, -21.124
14.52, -20.928
14.54, -20.834
14.56, -20.8582
14.58, -20.9842
14.6, -21.164
14.62, -21.3365
14.64, -21.4567
14.661, -21.5149
14.68, -21.5273
14.7, -21.5287
14.721, -21.5448
14.74, -21.5966
14.76, -21.6683
14.78, -21.7417
14.8, -21.788
14.82, -21.7837
14.841, -21.671
14.86, -21.6048
14.88, -21.4596
14.901, -21.2599
14.92, -21.1759
14.94, -21.0926
14.961, -21.0382
14.98, -21.0425
15, -21.0544
15.02, -21.0536
15.04, -21.0134
15.06, -20.9147
15.08, -20.7517
15.1, -20.5349
15.12, -20.2904
15.14, -20.0559
15.16, -19.8732
15.18, -19.7779
15.2, -19.7876
15.221, -19.8741
15.24, -20.0332
15.26, -20.1815
15.28, -20.2789
15.3, -20.3193
15.321, -20.3305
15.341, -20.3524
15.36, -20.4081
15.38, -20.4894
15.4, -20.5687
15.42, -20.6083
15.44, -20.5831
15.46, -20.4905
15.48, -20.349
15.5, -20.1893
15.52, -20.0436
15.54, -19.9369
15.56, -19.8809
15.581, -19.8568
15.6, -19.8805
15.62, -19.9009
15.64, -19.8929
15.66, -19.8321
15.68, -19.7058
15.701, -19.4739
15.72, -19.2933
15.74, -19.0531
15.76, -18.845
15.78, -18.7077
15.8, -18.6673
15.821, -18.6957
15.841, -18.8391
15.861, -19.0182
15.88, -19.1864
15.9, -19.3138
15.92, -19.3893
15.94, -19.428
15.96, -19.4621
15.981, -19.5293
16, -19.6472
16.02, -19.8093
16.04, -19.9692
16.061, -20.042
16.08, -20.0695
16.1, -19.9538
16.12, -19.7583
16.14, -19.5295
16.16, -19.315
16.18, -19.1513
16.2, -19.0559
16.22, -19.0245
16.24, -19.0337
16.26, -19.0474
16.28, -19.0262
16.3, -18.9384
16.321, -18.7307
16.34, -18.534
16.361, -18.1722
16.38, -17.9563
16.4, -17.727
16.42, -17.6077
16.44, -17.6262
16.46, -17.773
16.48, -17.9987
16.5, -18.2327
16.52, -18.4158
16.54, -18.5235
16.561, -18.5661
16.58, -18.5705
16.6, -18.5724
16.62, -18.6001
16.64, -18.6714
16.66, -18.7856
16.68, -18.9201
16.7, -19.036
16.72, -19.0931
16.741, -19.018
16.76, -18.9648
16.78, -18.8037
16.8, -18.6246
16.82, -18.4652
16.841, -18.3156
16.86, -18.2819
16.88, -18.2743
16.9, -18.2895
16.92, -18.2925
16.94, -18.2476
16.961, -18.0982
16.98, -17.9371
17, -17.6624
17.02, -17.3492
17.04, -17.0471
17.06, -16.8132
17.08, -16.698
17.1, -16.7284
17.12, -16.8896
17.14, -17.1203
17.16, -17.3376
17.18, -17.4835
17.201, -17.554
17.221, -17.5797
17.241, -17.6101
17.26, -17.6764
17.28, -17.7831
17.301, -17.9054
17.32, -18.0357
17.34, -18.0993
17.36, -18.0874
17.38, -17.9993
17.401, -17.7878
17.42, -17.6765
17.44, -17.5143
17.46, -17.3873
17.48, -17.3093
17.501, -17.2657
17.52, -17.2694
17.54, -17.2735
17.56, -17.2514
17.58, -17.1771
17.6, -17.0358
17.62, -16.8288
17.64, -16.5758
17.66, -16.3122
17.68, -16.0837
17.7, -15.9362
17.72, -15.9039
17.74, -15.9959
17.76, -16.1868
17.78, -16.4186
17.8, -16.6232
17.82, -16.7553
17.841, -16.8127
17.86, -16.825
17.88, -16.8429
17.9, -16.9068
17.92, -17.0292
17.94, -17.1824
17.961, -17.2934
17.98, -17.3605
18, -17.2915
18.02, -17.1237
18.04, -16.896
18.06, -16.6575
18.08, -16.4532
18.1, -16.313
18.12, -16.246
18.14, -16.2399
18.16, -16.2647
18.18, -16.281
18.201, -16.2393
18.22, -16.1528
18.24, -15.9623
18.26, -15.7012
18.28, -15.4054
18.3, -15.1263
18.32, -14.9198
18.34, -14.8311
18.36, -14.8793
18.38, -15.0467
18.4, -15.2814
18.42, -15.5179
18.441, -15.7077
18.46, -15.8165
18.48, -15.8689
18.5, -15.8868
18.52, -15.9067
18.54, -15.9654
18.56, -16.0883
18.58, -16.2748
18.6, -16.4871
18.62, -16.6609
18.64, -16.7367
18.66, -16.6883
18.68, -16.5307
18.7, -16.3072
18.72, -16.0714
18.74, -15.8707
18.761, -15.6953
18.78, -15.6523
18.8, -15.6417
18.82, -15.65
18.84, -15.6335
18.86, -15.5514
18.88, -15.3771
18.901, -15.0467
18.92, -14.7732
18.94, -14.4036
18.96, -14.0734
18.98, -13.8526
19, -13.7972
19.02, -13.9256
19.04, -14.1974
19.06, -14.5178
19.08, -14.785
19.101, -14.9508
19.12, -15.0124
19.141, -15.023
19.16, -15.0319
19.18, -15.0665
19.2, -15.1466
19.22, -15.2696
19.24, -15.4136
19.26, -15.5431
19.28, -15.6209
19.3, -15.622
19.32, -15.5422
19.34, -15.3991
19.36, -15.2251
19.38, -15.0571
19.401, -14.8821
19.42, -14.8341
19.44, -14.8114
19.46, -14.824
19.48, -14.8407
19.5, -14.8256
19.52, -14.7471
19.54, -14.5872
19.56, -14.3472
19.58, -14.0508
19.6, -13.741
19.62, -13.4743
19.64, -13.3092
19.66, -13.291
19.68, -13.4313
19.701, -13.687
19.72, -13.9594
19.74, -14.1777
19.76, -14.294
19.78, -14.3352
19.801, -14.3576
19.82, -14.4134
19.84, -14.528
19.86, -14.6942
19.88, -14.8729
19.901, -14.9901
19.92, -15.0818
19.941, -14.9943
19.96, -14.9468
19.98, -14.8004
20, -14.6536
20.02, -14.54
20.04, -14.4785
20.06, -14.4697
20.08, -14.4967
20.101, -14.5292
20.121, -14.5334
20.14, -14.4915
20.16, -14.3668
20.18, -14.168
20.2, -13.9149
20.22, -13.6448
20.24, -13.406
20.26, -13.247
20.28, -13.2042
20.3, -13.2891
20.321, -13.4625
20.34, -13.7198
20.36, -13.9738
20.38, -14.1844
20.401, -14.3354
20.42, -14.4267
20.44, -14.496
20.46, -14.5799
20.48, -14.7174
20.5, -14.9294
20.52, -15.1964
20.54, -15.4551
20.56, -15.6271
20.58, -15.6632
20.6, -15.563
20.62, -15.3661
20.64, -15.1303
20.66, -14.9117
20.68, -14.7509
20.7, -14.6655
20.72, -14.648
20.74, -14.6693
20.76, -14.6874
20.78, -14.6588
20.8, -14.5501
20.82, -14.3483
20.84, -14.0668
20.86, -13.7453
20.88, -13.4436
20.901, -13.1488
20.92, -13.1435
20.94, -13.2411
20.96, -13.4801
20.98, -13.7864
21, -14.0717
21.02, -14.2767
21.04, -14.3892
21.06, -14.4316
21.08, -14.4385
21.1, -14.4446
21.12, -14.4792
21.14, -14.5632
21.16, -14.7027
21.18, -14.8813
21.2, -15.0588
21.22, -15.1842
21.24, -15.2185
21.26, -15.1516
21.281, -14.9326
21.3, -14.8112
21.32, -14.6333
21.34, -14.5002
21.36, -14.4302
21.38, -14.4189
21.4, -14.4415
21.42, -14.4594
21.44, -14.4307
21.46, -14.3217
21.48, -14.1166
21.5, -13.8236
21.522, -13.2945
21.54, -13.1166
21.56, -12.8413
21.58, -12.7006
21.601, -12.6928
21.62, -12.919
21.64, -13.2261
21.66, -13.5299
21.68, -13.7487
21.701, -13.8688
21.72, -13.917
21.74, -13.9533
21.76, -14.0205
21.78, -14.1431
21.8, -14.3175
21.82, -14.5114
21.84, -14.6755
21.86, -14.7642
21.88, -14.7542
21.9, -14.6506
21.92, -14.4816
21.94, -14.2874
21.96, -14.1077
21.98, -13.9721
22.001, -13.8669
22.02, -13.8529
22.041, -13.8548
22.06, -13.8572
22.08, -13.8244
22.101, -13.705
22.12, -13.5685
22.141, -13.2628
22.16, -13.0476
22.181, -12.6762
22.2, -12.527
22.221, -12.3341
22.24, -12.4076
22.26, -12.5742
22.281, -12.8387
22.301, -13.1376
22.32, -13.3738
22.34, -13.5276
22.36, -13.5918
22.38, -13.6075
22.4, -13.6297
22.421, -13.7147
22.44, -13.8708
22.46, -14.0939
22.48, -14.3123
22.5, -14.4477
22.52, -14.4518
22.54, -14.324
22.56, -14.1006
22.58, -13.836
22.6, -13.5852
22.62, -13.3903
22.64, -13.2727
22.66, -13.2304
22.68, -13.2392
22.7, -13.2602
22.72, -13.2494
22.74, -13.1688
22.76, -12.9967
22.78, -12.7345
22.801, -12.3297
22.82, -12.0719
22.84, -11.777
22.86, -11.5889
22.88, -11.5508
22.9, -11.672
22.92, -11.9168
22.94, -12.2124
22.96, -12.4787
22.98, -12.6636
23, -12.7579
23.02, -12.7865
23.04, -12.7917
23.06, -12.8203
23.08, -12.9123
23.1, -13.0855
23.12, -13.3186
23.14, -13.5491
23.16, -13.7005
23.18, -13.7215
23.2, -13.6058
23.22, -13.3869
23.24, -13.1193
23.26, -12.8599
23.28, -12.654
23.301, -12.487
23.32, -12.4529
23.34, -12.4498
23.36, -12.4555
23.38, -12.4228
23.401, -12.287
23.42, -12.1107
23.44, -11.7959
23.46, -11.4108
23.48, -11.0104
23.5, -10.6661
23.52, -10.4518
23.54, -10.4252
23.56, -10.6023
23.58, -10.9334
23.601, -11.3193
23.621, -11.6172
23.64, -11.7812
23.66, -11.8476
23.681, -11.855
23.7, -11.8626
23.72, -11.9084
23.74, -12.0178
23.76, -12.19
23.78, -12.397
23.8, -12.59
23.82, -12.7167
23.84, -12.7424
23.86, -12.661
23.882, -12.3314
23.901, -12.1886
23.92, -12.0415
23.94, -11.8685
23.96, -11.7572
23.98, -11.7097
24, -11.7077
24.02, -11.7173
24.04, -11.6976
24.06, -11.6111
24.08, -11.4342
24.1, -11.1642
24.12, -10.823
24.14, -10.4556
24.16, -10.1236
24.18, -9.89532
24.2, -9.83059
24.22, -9.95976
24.24, -10.2559
24.261, -10.6345
24.28, -10.9252
24.3, -11.1076
24.32, -11.1745
24.34, -11.1874
24.36, -11.2128
24.38, -11.2987
24.4, -11.4628
24.42, -11.6852
24.441, -11.9079
24.46, -12.0976
24.48, -12.17
24.5, -12.1299
24.52, -11.9971
24.54, -11.8112
24.561, -11.5431
24.58, -11.4409
24.6, -11.3373
24.621, -11.2709
24.64, -11.2841
24.66, -11.3034
24.681, -11.2981
24.7, -11.2482
24.72, -11.109
24.74, -10.8847
24.761, -10.5202
24.78, -10.2755
24.8, -9.9756
24.82, -9.75768
24.84, -9.67243
24.86, -9.74625
24.88, -9.96664
24.9, -10.2778
24.92, -10.598
24.941, -10.8633
24.96, -11.0172
24.98, -11.0987
25, -11.1385
25.021, -11.1884
25.04, -11.2944
25.061, -11.4951
25.08, -11.7544
25.1, -12.0301
25.12, -12.232
25.14, -12.2977
25.161, -12.1448
25.18, -12.0147
25.201, -11.6597
25.22, -11.4668
25.24, -11.2445
25.26, -11.0984
25.28, -11.0329
25.3, -11.0276
25.321, -11.0426
25.34, -11.0364
25.36, -10.9599
25.38, -10.7882
25.401, -10.4541
25.42, -10.1867
25.441, -9.72436
25.46, -9.49949
25.48, -9.29956
25.5, -9.27501
25.52, -9.44373
25.54, -9.76481
25.56, -10.1428
25.58, -10.4713
25.6, -10.6877
25.62, -10.7907
25.64, -10.8174
25.66, -10.8158
25.68, -10.8299
25.701, -10.8974
25.72, -11.0332
25.74, -11.2397
25.76, -11.4835
25.78, -11.7067
25.8, -11.8487
25.82, -11.8725
25.84, -11.7775
25.86, -11.5946
25.88, -11.3726
25.9, -11.1619
25.921, -10.9507
25.94, -10.8902
25.96, -10.8622
25.98, -10.8713
26, -10.8764
26.02, -10.8326
26.04, -10.7036
26.06, -10.4712
26.08, -10.1426
26.1, -9.75203
26.12, -9.35682
26.14, -9.02907
26.16, -8.84279
26.18, -8.85509
26.2, -9.07814
26.22, -9.44906
26.24, -9.83731
26.26, -10.1217
26.28, -10.2678
26.3, -10.3196
26.32, -10.3454
26.34, -10.4012
26.36, -10.5178
26.38, -10.6966
26.4, -10.9105
26.421, -11.0987
26.44, -11.266
26.46, -11.317
26.48, -11.268
26.5, -11.1353
26.52, -10.9521
26.54, -10.7582
26.56, -10.5898
26.581, -10.4317
26.6, -10.3923
26.62, -10.3772
26.64, -10.3835
26.661, -10.3728
26.68, -10.3325
26.7, -10.2086
26.72, -10.0041
26.74, -9.73069
26.76, -9.42117
26.781, -9.02774
26.8, -8.89207
26.821, -8.7257
26.84, -8.84847
26.86, -9.0896
26.881, -9.44741
26.9, -9.79229
26.92, -10.0641
26.94, -10.2083
26.961, -10.2562
26.98, -10.2667
27, -10.3048
27.02, -10.4134
27.04, -10.5999
27.06, -10.8268
27.082, -10.9998
27.1, -11.1483
27.12, -11.128
27.14, -10.9957
27.16, -10.7933
27.18, -10.5744
27.2, -10.3888
27.22, -10.2701
27.24, -10.2293
27.26, -10.2534
27.28, -10.3101
27.3, -10.3566
27.32, -10.3508
27.34, -10.2624
27.36, -10.0822
27.38, -9.82544
27.4, -9.53173
27.42, -9.2574
27.44, -9.06313
27.461, -8.93323
27.481, -9.02205
27.5, -9.25611
27.52, -9.53755
27.54, -9.82576
27.56, -10.0701
27.58, -10.2487
27.601, -10.3679
27.62, -10.4418
27.64, -10.5062
27.66, -10.5966
27.68, -10.7519
27.7, -10.9981
27.721, -11.327
27.74, -11.6738
27.761, -11.9196
27.781, -12.0384
27.8, -12.063
27.82, -11.9129
27.841, -11.6257
27.861, -11.4252
27.88, -11.3252
27.9, -11.2492
27.92, -11.2389
27.94, -11.2632
27.96, -11.2765
27.98, -11.2318
28, -11.094
28.02, -10.8513
28.04, -10.5219
28.06, -10.1543
28.08, -9.8209
28.101, -9.51904
28.12, -9.55338
28.14, -9.73051
28.161, -10.0589
28.18, -10.4483
28.2, -10.7819
28.22, -10.9999
28.24, -11.1114
28.26, -11.1566
28.281, -11.1748
28.3, -11.2043
28.32, -11.2603
28.34, -11.3575
28.36, -11.4981
28.38, -11.6694
28.4, -11.8417
28.42, -11.9749
28.44, -12.0343
28.46, -12.0067
28.48, -11.906
28.5, -11.7672
28.52, -11.6325
28.54, -11.5375
28.56, -11.5007
28.58, -11.5187
28.601, -11.5612
28.62, -11.609
28.64, -11.6052
28.66, -11.5213
28.68, -11.3419
28.7, -11.0758
28.72, -10.7578
28.74, -10.444
28.76, -10.2026
28.78, -10.0976
28.8, -10.1677
28.82, -10.4022
28.84, -10.7302
28.86, -11.0491
28.88, -11.2831
28.9, -11.4178
28.921, -11.4871
28.94, -11.5427
28.961, -11.6343
28.981, -11.7931
29, -12.0137
29.02, -12.2762
29.04, -12.5163
29.061, -12.6442
29.08, -12.7236
29.1, -12.6521
29.12, -12.5024
29.14, -12.322
29.16, -12.1563
29.18, -12.0375
29.2, -11.9785
29.22, -11.9714
29.24, -11.9916
29.26, -12.0046
29.28, -11.9755
29.3, -11.8778
29.32, -11.7017
29.34, -11.4582
29.36, -11.1794
29.38, -10.9142
29.4, -10.7181
29.42, -10.6396
29.44, -10.7054
29.46, -10.9082
29.481, -11.1963
29.5, -11.5179
29.52, -11.8109
29.54, -12.0342
29.56, -12.1822
29.58, -12.2753
29.6, -12.3517
29.62, -12.4607
29.64, -12.6495
29.661, -12.95
29.68, -13.283
29.701, -13.5813
29.721, -13.7415
29.741, -13.7282
29.76, -13.6389
29.78, -13.3959
29.8, -13.132
29.82, -12.905
29.84, -12.7514
29.861, -12.6528
29.88, -12.6634
29.9, -12.6937
29.92, -12.7096
29.94, -12.6657
29.961, -12.5004
29.98, -12.3095
30, -11.9937
30.02, -11.6418
30.04, -11.3171
30.06, -11.0876
30.08, -11.0081
30.1, -11.0997
30.12, -11.335
30.14, -11.6416
30.16, -11.9327
30.18, -12.147
30.2, -12.2686
30.22, -12.3168
30.241, -12.3281
30.26, -12.3445
30.28, -12.4012
30.3, -12.5243
30.32, -12.714
30.34, -12.9344
30.36, -13.1218
30.38, -13.2141
30.4, -13.1804
30.42, -13.0312
30.44, -12.8086
30.46, -12.5676
30.481, -12.2943
30.5, -12.1964
30.52, -12.1296
30.54, -12.124
30.56, -12.1448
30.58, -12.1465
30.6, -12.085
30.62, -11.929
30.64, -11.67
30.661, -11.2426
30.68, -10.9507
30.7, -10.5978
30.72, -10.3483
30.74, -10.2674
30.76, -10.3864
30.78, -10.6777
30.8, -11.0501
30.82, -11.3893
30.84, -11.6209
30.86, -11.738
30.88, -11.7788
30.9, -11.7962
30.92, -11.8407
30.94, -11.9515
30.96, -12.1458
30.98, -12.4033
31.002, -12.6504
31.02, -12.8678
31.041, -12.8762
31.06, -12.8504
31.08, -12.6597
31.1, -12.4158
31.12, -12.1762
31.14, -11.9864
31.16, -11.8699
31.18, -11.8252
31.2, -11.8279
31.22, -11.8384
31.24, -11.8122
31.261, -11.6906
31.28, -11.5289
31.3, -11.2414
31.32, -10.8928
31.34, -10.5374
31.36, -10.2438
31.381, -10.0009
31.4, -10.0717
31.421, -10.2339
31.44, -10.565
31.461, -10.9321
31.48, -11.2306
31.501, -11.4537
31.52, -11.564
31.54, -11.6153
31.56, -11.6429
31.58, -11.694
31.601, -11.8195
31.62, -12.0266
31.64, -12.319
31.66, -12.6214
31.68, -12.839
31.7, -12.9037
31.72, -12.8046
31.741, -12.4926
31.76, -12.2897
31.78, -12.0097
31.8, -11.7865
31.82, -11.6475
31.84, -11.5922
31.86, -11.5943
31.881, -11.6099
31.9, -11.5904
31.92, -11.4873
31.94, -11.2776
31.96, -10.9628
31.98, -10.5741
32, -10.1693
32.02, -9.8226
32.04, -9.60993
32.06, -9.58718
32.08, -9.76458
32.1, -10.0874
32.12, -10.4482
32.14, -10.7415
32.16, -10.9177
32.18, -10.9892
32.2, -11.0009
32.22, -11.003
32.24, -11.0386
32.261, -11.1418
32.28, -11.3129
32.3, -11.5348
32.321, -11.7393
32.34, -11.9112
32.36, -11.9407
32.38, -11.8417
32.4, -11.6406
32.42, -11.3874
32.44, -11.1376
32.46, -10.9371
32.48, -10.8113
32.5, -10.7605
32.52, -10.7609
32.54, -10.771
32.56, -10.743
32.58, -10.6344
32.6, -10.4201
32.62, -10.1005
32.641, -9.60763
32.66, -9.29213
32.68, -8.93216
32.7, -8.70879
32.72, -8.68947
32.741, -8.87267
32.761, -9.26269
32.78, -9.67368
32.8, -10.0135
32.82, -10.2066
32.84, -10.2798
32.86, -10.2953
32.881, -10.314
32.9, -10.3814
32.92, -10.5273
32.94, -10.7527
32.96, -11.0241
32.98, -11.2781
33, -11.4461
33.02, -11.4852
33.041, -11.3195
33.06, -11.2021
33.08, -10.9646
33.101, -10.6602
33.12, -10.5359
33.14, -10.4278
33.16, -10.388
33.18, -10.3914
33.2, -10.3984
33.22, -10.365
33.24, -10.254
33.26, -10.0453
33.28, -9.74313
33.3, -9.37876
33.321, -8.90746
33.34, -8.69367
33.361, -8.43978
33.38, -8.51666
33.401, -8.70382
33.42, -9.06803
33.44, -9.46514
33.46, -9.79503
33.48, -10.0063
33.5, -10.109
33.522, -10.1463
33.541, -10.1723
33.56, -10.2325
33.58, -10.3667
33.601, -10.5995
33.62, -10.8783
33.64, -11.1577
33.66, -11.3487
33.68, -11.3956
33.7, -11.2917
33.72, -11.0733
33.741, -10.709
33.761, -10.4426
33.78, -10.2919
33.8, -10.1606
33.821, -10.0882
33.84, -10.0989
33.86, -10.1162
33.88, -10.1003
33.901, -9.98616
33.92, -9.82969
33.94, -9.53217
33.96, -9.15813
33.98, -8.76235
34, -8.41853
34.02, -8.20543
34.04, -8.1869
34.06, -8.38393
34.08, -8.74612
34.1, -9.1552
34.12, -9.48818
34.141, -9.69456
34.16, -9.77275
34.18, -9.79099
34.2, -9.79757
34.22, -9.83639
34.24, -9.93677
34.261, -10.1106
34.281, -10.3326
34.3, -10.5627
34.32, -10.7271
34.34, -10.7887
34.36, -10.7332
34.38, -10.5786
34.4, -10.365
34.42, -10.1413
34.44, -9.95184
34.46, -9.8258
34.48, -9.77103
34.5, -9.77308
34.521, -9.79792
34.54, -9.80867
34.56, -9.75458
34.58, -9.60758
34.6, -9.35851
34.62, -9.02612
34.64, -8.65696
34.661, -8.21597
34.68, -8.08225
34.7, -8.05084
34.72, -8.25957
34.74, -8.6829
34.76, -9.19476
34.78, -9.63132
34.8, -9.90824
34.82, -10.0472
34.84, -10.114
34.86, -10.1638
34.88, -10.2238
34.9, -10.2963
34.92, -10.3715
34.94, -10.4407
34.96, -10.5022
34.98, -10.5607
35, -10.6208
35.021, -10.6443
35.041, -10.7019
35.06, -10.7832
35.08, -10.8218
35.1, -10.8534
35.12, -10.8856
35.141, -10.9094
35.16, -10.9837
35.18, -11.0655
35.2, -11.1589
35.22, -11.2432
35.24, -11.296
35.26, -11.3091
35.28, -11.2985
35.3, -11.3026
35.321, -11.3316
35.34, -11.5608
35.36, -11.9077
35.38, -12.3561
35.4, -12.7819
35.421, -13.0776
35.441, -13.259
35.46, -13.3921
35.48, -13.4924
35.5, -13.5893
35.52, -13.6795
35.541, -13.7528
35.56, -13.8154
35.581, -13.8584
35.6, -13.908
35.621, -13.9352
35.641, -13.9806
35.66, -14.0583
35.68, -14.1383
35.7, -14.249
35.72, -14.3939
35.74, -14.5705
35.76, -14.7718
35.78, -14.9903
35.8, -15.2205
35.82, -15.4597
35.84, -15.7077
35.86, -15.9658
35.88, -16.233
35.9, -16.4981
35.921, -16.7342
35.94, -16.9252
35.96, -17.0412
35.98, -17.0948
36, -17.1092
36.02, -17.1178
36.042, -17.0924
36.06, -17.2178
36.08, -17.3598
36.1, -17.5343
36.12, -17.7043
36.14, -17.8382
36.16, -17.924
36.18, -17.9675
36.2, -17.9849
36.22, -17.9963
36.24, -18.0218
36.26, -18.0789
36.28, -18.1805
36.301, -18.3202
36.32, -18.5286
36.34, -18.7669
36.361, -19.0249
36.381, -19.2935
36.4, -19.555
36.42, -19.7895
36.44, -19.9953
36.46, -20.1753
36.48, -20.3382
36.5, -20.4946
36.52, -20.6514
36.54, -20.8096
36.56, -20.9637
36.58, -21.1041
36.601, -21.2072
36.62, -21.3046
36.64, -21.355
36.661, -21.3534
36.681, -21.36
36.7, -21.3936
36.72, -21.436
36.74, -21.5271
36.76, -21.6714
36.78, -21.8525
36.801, -22.0416
36.82, -22.2142
36.84, -22.3637
36.86, -22.4957
36.88, -22.6167
36.9, -22.7286
36.92, -22.8298
36.94, -22.9188
36.96, -22.9965
36.98, -23.0671
37.001, -23.1199
37.02, -23.2024
37.04, -23.2762
37.06, -23.3466
37.08, -23.4042
37.1, -23.4394
37.12, -23.4463
37.14, -23.4256
37.16, -23.3854
37.18, -23.3396
37.2, -23.3053
37.22, -23.2986
37.24, -23.331
37.261, -23.3877
37.28, -23.5153
37.3, -23.6564
37.32, -23.8127
37.34, -23.9752
37.361, -24.1341
37.38, -24.3066
37.4, -24.48
37.42, -24.6592
37.44, -24.8425
37.46, -25.0262
37.48, -25.2042
37.5, -25.3684
37.52, -25.5104
37.54, -25.6236
37.56, -25.7064
37.58, -25.7624
37.6, -25.7995
37.62, -25.8281
37.64, -25.8579
37.66, -25.8957
37.68, -25.9433
37.7, -25.9983
37.72, -26.0548
37.74, -26.1063
37.76, -26.1476
37.78, -26.176
37.8, -26.1924
37.82, -26.2013
37.84, -26.2108
37.86, -26.2311
37.88, -26.2725
37.901, -26.3241
37.92, -26.4392
37.94, -26.5695
37.96, -26.7177
37.98, -26.869
38, -27.0088
38.02, -27.127
38.04, -27.2206
38.06, -27.2924
38.08, -27.3488
38.1, -27.3964
38.12, -27.4411
38.14, -27.4872
38.16, -27.5378
38.18, -27.5955
38.201, -27.6474
38.22, -27.737
38.24, -27.8267
38.26, -27.9285
38.28, -28.0414
38.3, -28.1632
38.321, -28.2891
38.34, -28.4182
38.36, -28.5442
38.38, -28.6657
38.4, -28.7839
38.42, -28.9025
38.441, -29.0166
38.46, -29.1599
38.48, -29.3053
38.5, -29.4594
38.521, -29.6085
38.54, -29.7646
38.56, -29.906
38.58, -30.0356
38.6, -30.1553
38.62, -30.2674
38.64, -30.371
38.66, -30.4615
38.68, -30.5321
38.701, -30.5724
38.72, -30.5997
38.741, -30.5891
38.76, -30.5899
38.78, -30.5771
38.8, -30.5707
38.82, -30.5771
38.84, -30.5998
38.86, -30.6396
38.88, -30.6953
38.901, -30.7614
38.921, -30.8429
38.94, -30.9362
38.961, -31.0354
38.98, -31.1498
39, -31.2722
39.02, -31.404
39.04, -31.544
39.06, -31.6909
39.08, -31.8448
39.1, -32.0057
39.12, -32.1727
39.14, -32.3424
39.16, -32.5095
39.18, -32.6676
39.2, -32.8119
39.22, -32.9398
39.24, -33.0516
39.26, -33.1486
39.28, -33.232
39.3, -33.3015
39.32, -33.3559
39.34, -33.3938
39.361, -33.4064
39.38, -33.4233
39.4, -33.4221
39.421, -33.4066
39.44, -33.4177
39.46, -33.429
39.48, -33.4544
39.5, -33.4947
39.52, -33.548
39.54, -33.6103
39.56, -33.6769
39.581, -33.7391
39.6, -33.8083
39.62, -33.8684
39.64, -33.9262
39.66, -33.9844
39.68, -34.0466
39.7, -34.1167
39.721, -34.1903
39.741, -34.284
39.76, -34.3881
39.781, -34.4963
39.8, -34.5974
39.82, -34.6924
39.84, -34.7756
39.86, -34.8481
39.881, -34.9135
39.9, -34.9771
39.92, -35.0397
39.94, -35.1035
39.961, -35.1617
39.98, -35.2314
40, -35.2926
40.02, -35.3511
40.04, -35.407
40.061, -35.454
40.082, -35.5017
40.1, -35.561
40.12, -35.6134
40.14, -35.6643
40.16, -35.7126
40.18, -35.7576
40.2, -35.7991
40.22, -35.8377
40.241, -35.8693
40.26, -35.9123
40.28, -35.9514
40.3, -35.9952
40.32, -36.0452
40.34, -36.1025
40.36, -36.1669
40.38, -36.2366
40.4, -36.3095
40.42, -36.3827
40.44, -36.4543
40.461, -36.5238
40.48, -36.5887
40.5, -36.6519
40.521, -36.7107
40.54, -36.7619
40.56, -36.8028
40.581, -36.8277
40.601, -36.851
40.62, -36.8801
40.64, -36.9028
40.661, -36.9207
40.68, -36.9604
40.7, -36.9969
40.72, -37.0369
40.74, -37.0805
40.76, -37.1279
40.78, -37.1786
40.8, -37.2311
40.82, -37.2823
40.841, -37.3263
40.86, -37.3665
40.88, -37.3922
40.9, -37.4063
40.92, -37.4112
40.94, -37.4117
40.96, -37.4141
40.98, -37.425
41, -37.4486
41.02, -37.4855
41.04, -37.5319
41.06, -37.5814
41.08, -37.6277
41.101, -37.6679
41.12, -37.7014
41.14, -37.7302
41.16, -37.7574
41.18, -37.7851
41.2, -37.814
41.221, -37.8354
41.24, -37.8743
41.26, -37.9048
41.281, -37.9265
41.3, -37.9656
41.32, -37.9997
41.34, -38.0362
41.36, -38.0749
41.38, -38.1143
41.4, -38.152
41.42, -38.1851
41.441, -38.2084
41.46, -38.2262
41.48, -38.2291
41.501, -38.2113
41.52, -38.2062
41.54, -38.1883
41.56, -38.1745
41.58, -38.1707
41.601, -38.172
41.62, -38.2014
41.64, -38.2362
41.66, -38.2774
41.68, -38.3204
41.7, -38.3625
41.721, -38.4026
41.74, -38.4399
41.76, -38.472
41.78, -38.4976
41.8, -38.515
41.82, -38.5241
41.84, -38.5263
41.861, -38.5114
41.88, -38.5203
41.9, -38.5201
41.92, -38.5238
41.94, -38.532
41.96, -38.544
41.98, -38.5582
42, -38.5722
42.02, -38.5838
42.04, -38.591
42.06, -38.5923
42.08, -38.587
42.1, -38.5753
42.12, -38.5587
42.14, -38.5393
42.16, -38.5205
42.18, -38.5059
42.2, -38.4992
42.22, -38.5027
42.24, -38.5168
42.26, -38.5397
42.28, -38.5676
42.3, -38.5958
42.32, -38.6206
42.34, -38.6385
42.361, -38.6436
42.38, -38.6444
42.4, -38.6255
42.42, -38.5925
42.44, -38.5491
42.46, -38.5016
42.481, -38.4403
42.5, -38.421
42.52, -38.4022
42.541, -38.3914
42.56, -38.4046
42.58, -38.4207
42.6, -38.4363
42.62, -38.4438
42.64, -38.4374
42.661, -38.4062
42.68, -38.3758
42.7, -38.3232
42.72, -38.266
42.74, -38.2134
42.76, -38.1738
42.78, -38.1528
42.8, -38.1513
42.82, -38.1657
42.841, -38.185
42.86, -38.2116
42.88, -38.233
42.9, -38.2495
42.92, -38.2628
42.94, -38.2758
42.961, -38.2867
42.98, -38.3058
43, -38.3165
43.02, -38.3203
43.041, -38.3025
43.06, -38.307
43.08, -38.2978
43.1, -38.2946
43.12, -38.3018
43.14, -38.3204
43.16, -38.3479
43.18, -38.3791
43.2, -38.4075
43.22, -38.4275
43.241, -38.4338
43.26, -38.4304
43.281, -38.4039
43.3, -38.3834
43.321, -38.336
43.34, -38.3148
43.36, -38.2866
43.381, -38.2553
43.4, -38.2615
43.42, -38.2696
43.44, -38.2879
43.46, -38.3122
43.48, -38.338
43.5, -38.3617
43.52, -38.3819
43.54, -38.3991
43.56, -38.4142
43.58, -38.4277
43.6, -38.4383
43.621, -38.4344
43.64, -38.4414
43.66, -38.4293
43.68, -38.4097
43.7, -38.3864
43.72, -38.3642
43.741, -38.3366
43.76, -38.337
43.78, -38.3392
43.8, -38.3487
43.82, -38.3609
43.84, -38.3701
43.861, -38.3678
43.88, -38.3607
43.9, -38.335
43.921, -38.2837
43.94, -38.2539
43.96, -38.2091
43.98, -38.1719
44.001, -38.1337
44.02, -38.1412
44.04, -38.1553
44.06, -38.1838
44.08, -38.2199
44.1, -38.2561
44.12, -38.2868
44.14, -38.3094
44.16, -38.3232
44.18, -38.328
44.2, -38.323
44.22, -38.307
44.24, -38.28
44.26, -38.2448
44.28, -38.2069
44.3, -38.1736
44.32, -38.1514
44.34, -38.144
44.36, -38.1503
44.381, -38.1615
44.4, -38.1787
44.42, -38.1871
44.44, -38.1828
44.46, -38.1636
44.48, -38.1309
44.501, -38.0769
44.52, -38.0453
44.54, -38.0044
44.56, -37.9726
44.58, -37.953
44.6, -37.9457
44.62, -37.9487
44.64, -37.9586
44.66, -37.9719
44.68, -37.9857
44.7, -37.9984
44.72, -38.0096
44.74, -38.0202
44.76, -38.0314
44.78, -38.0435
44.8, -38.0549
44.82, -38.062
44.84, -38.0603
44.86, -38.0464
44.881, -38.0049
44.9, -37.9862
44.92, -37.9526
44.941, -37.9138
44.96, -37.911
44.98, -37.914
45, -37.9284
45.02, -37.9465
45.04, -37.9588
45.06, -37.9577
45.08, -37.939
45.1, -37.9027
45.12, -37.8532
45.14, -37.7973
45.16, -37.7438
45.18, -37.7007
45.2, -37.6739
45.22, -37.6653
45.24, -37.6731
45.26, -37.6914
45.28, -37.7129
45.3, -37.7305
45.32, -37.7397
45.341, -37.735
45.36, -37.731
45.381, -37.7098
45.4, -37.701
45.42, -37.6819
45.44, -37.6602
45.46, -37.6354
45.48, -37.6083
45.501, -37.5667
45.52, -37.555
45.54, -37.5385
45.56, -37.5316
45.58, -37.5344
45.6, -37.5439
45.62, -37.5552
45.641, -37.5594
45.661, -37.5604
45.68, -37.5607
45.7, -37.5481
45.72, -37.5319
45.74, -37.5151
45.76, -37.5002
45.78, -37.4888
45.8, -37.4809
45.82, -37.4761
45.84, -37.4736
45.86, -37.4728
45.88, -37.4731
45.9, -37.4739
45.92, -37.4742
45.94, -37.4724
45.96, -37.4667
45.98, -37.4558
46, -37.4385
46.02, -37.4143
46.04, -37.3834
46.06, -37.3476
46.08, -37.3106
46.101, -37.2614
46.121, -37.2371
46.141, -37.2255
46.16, -37.2354
46.18, -37.2475
46.2, -37.2651
46.22, -37.2811
46.24, -37.2894
46.26, -37.2865
46.281, -37.2636
46.3, -37.25
46.32, -37.2227
46.34, -37.1957
46.361, -37.1588
46.38, -37.1542
46.4, -37.1437
46.42, -37.1395
46.44, -37.1406
46.46, -37.1463
46.48, -37.1561
46.501, -37.1662
46.521, -37.1842
46.541, -37.2061
46.56, -37.2328
46.58, -37.2575
46.6, -37.2777
46.62, -37.2872
46.64, -37.2804
46.66, -37.2551
46.68, -37.2141
46.7, -37.1652
46.72, -37.119
46.74, -37.0862
46.76, -37.0739
46.78, -37.083
46.8, -37.1072
46.82, -37.1333
46.84, -37.1465
46.86, -37.1351
46.88, -37.0951
46.901, -37.0148
46.92, -36.9557
46.94, -36.8805
46.961, -36.8006
46.98, -36.78
47, -36.7692
47.02, -36.7803
47.04, -36.8046
47.061, -36.8278
47.081, -36.8496
47.1, -36.8641
47.12, -36.862
47.14, -36.847
47.161, -36.8129
47.18, -36.7933
47.2, -36.7653
47.22, -36.7431
47.24, -36.7279
47.26, -36.7169
47.28, -36.7047
47.3, -36.6866
47.32, -36.6607
47.34, -36.629
47.36, -36.5962
47.38, -36.5675
47.401, -36.5374
47.421, -36.5247
47.44, -36.523
47.46, -36.5118
47.48, -36.4928
47.5, -36.4635
47.52, -36.4261
47.54, -36.3859
47.56, -36.349
47.58, -36.3196
47.6, -36.2992
47.62, -36.2864
47.641, -36.268
47.661, -36.2642
47.68, -36.2701
47.7, -36.2727
47.72, -36.2776
47.74, -36.2822
47.76, -36.2832
47.781, -36.2706
47.8, -36.2667
47.82, -36.2469
47.84, -36.2199
47.86, -36.1855
47.88, -36.1439
47.9, -36.0964
47.92, -36.0462
47.94, -35.9987
47.96, -35.9598
47.98, -35.934
48, -35.9219
48.02, -35.9183
48.041, -35.9072
48.06, -35.8967
48.08, -35.8583
48.1, -35.798
48.12, -35.7226
48.14, -35.6438
48.161, -35.5531
48.18, -35.5229
48.2, -35.497
48.22, -35.4907
48.24, -35.4958
48.26, -35.5036
48.28, -35.5089
48.3, -35.51
48.32, -35.5078
48.34, -35.5024
48.36, -35.4936
48.38, -35.4806
48.4, -35.4636
48.42, -35.4433
48.44, -35.4204
48.46, -35.3942
48.48, -35.3631
48.5, -35.3259
48.52, -35.2832
48.541, -35.222
48.56, -35.1949
48.58, -35.1642
48.6, -35.1475
48.62, -35.1435
48.64, -35.1451
48.661, -35.1325
48.68, -35.1204
48.7, -35.0755
48.72, -35.0096
48.74, -34.9324
48.76, -34.8573
48.78, -34.797
48.8, -34.7598
48.821, -34.731
48.84, -34.745
48.86, -34.7532
48.88, -34.7572
48.901, -34.745
48.921, -34.7329
48.94, -34.7238
48.96, -34.7053
48.98, -34.6858
49, -34.6658
49.02, -34.6448
49.04, -34.6213
49.06, -34.5929
49.08, -34.5572
49.1, -34.5129
49.12, -34.4617
49.14, -34.4081
49.16, -34.3591
49.18, -34.3224
49.2, -34.3035
49.221, -34.2965
49.241, -34.308
49.26, -34.3237
49.28, -34.3203
49.3, -34.2942
49.32, -34.245
49.34, -34.1806
49.36, -34.1134
49.38, -34.0565
49.4, -34.0194
49.421, -33.9874
49.44, -34.0057
49.46, -34.0226
49.48, -34.0424
49.5, -34.0589
49.52, -34.0688
49.54, -34.0704
49.56, -34.0622
49.58, -34.0434
49.601, -34.0024
49.621, -33.9663
49.64, -33.9429
49.66, -33.9031
49.68, -33.8646
49.7, -33.828
49.72, -33.7941
49.74, -33.7644
49.76, -33.7412
49.78, -33.7274
49.8, -33.7248
49.82, -33.7326
49.84, -33.7463
49.86, -33.7575
49.88, -33.7574
49.901, -33.7271
49.921, -33.6935
49.94, -33.6706
49.96, -33.6324
49.98, -33.609
50, -33.6085
50.02, -33.6322
50.04, -33.6736
50.06, -33.7209
50.08, -33.7616
50.101, -33.7807
50.12, -33.798
50.14, -33.7987
50.16, -33.7948
50.181, -33.7837
50.201, -33.7816
50.22, -33.7885
50.24, -33.7855
50.26, -33.7772
50.28, -33.7606
50.302, -33.6974
50.32, -33.6967
50.34, -33.6589
50.36, -33.6221
50.38, -33.5924
50.4, -33.5753
50.42, -33.5745
50.44, -33.5905
50.46, -33.6199
50.48, -33.6552
50.5, -33.6868
50.52, -33.7062
50.54, -33.7097
50.561, -33.6822
50.58, -33.6838
50.6, -33.6713
50.62, -33.6721
50.64, -33.6923
50.66, -33.7324
50.68, -33.7883
50.7, -33.852
50.72, -33.9152
50.74, -33.9715
50.76, -34.0172
50.78, -34.0513
50.801, -34.071
50.82, -34.087
50.84, -34.0877
50.86, -34.0783
50.88, -34.0607
50.9, -34.0381
50.92, -34.0147
50.94, -33.9952
50.96, -33.9838
50.981, -33.9713
51, -33.9951
51.02, -34.0238
51.04, -34.0649
51.061, -34.1112
51.08, -34.1637
51.101, -34.2025
51.12, -34.2402
51.14, -34.2543
51.16, -34.2525
51.18, -34.2407
51.2, -34.228
51.22, -34.2243
51.24, -34.2373
51.26, -34.2697
51.28, -34.318
51.301, -34.3694
51.321, -34.4206
51.34, -34.4611
51.36, -34.4857
51.38, -34.4964
51.4, -34.4965
51.42, -34.4899
51.44, -34.4803
51.46, -34.4707
51.48, -34.4635
51.5, -34.46
51.52, -34.4606
51.54, -34.4649
51.56, -34.4721
51.58, -34.4817
51.6, -34.4934
51.62, -34.5076
51.64, -34.5252
51.66, -34.5472
51.68, -34.5736
51.7, -34.603
51.72, -34.6318
51.74, -34.6551
51.76, -34.6692
51.78, -34.6734
51.8, -34.6712
51.821, -34.6516
51.84, -34.673
51.86, -34.6919
51.88, -34.7252
51.9, -34.7701
51.921, -34.8164
51.94, -34.8692
51.96, -34.9161
51.98, -34.9571
52, -34.9922
52.02, -35.0213
52.04, -35.0439
52.06, -35.0585
52.08, -35.0638
52.1, -35.0601
52.12, -35.0491
52.14, -35.0342
52.16, -35.0195
52.18, -35.0091
52.201, -34.9935
52.22, -35.0117
52.24, -35.0318
52.26, -35.0621
52.281, -35.0954
52.3, -35.1328
52.32, -35.1579
52.34, -35.1657
52.36, -35.1534
52.38, -35.1244
52.4, -35.0884
52.42, -35.059
52.44, -35.0496
52.46, -35.0688
52.48, -35.117
52.501, -35.179
52.52, -35.2519
52.54, -35.3091
52.56, -35.3451
52.581, -35.355
52.6, -35.3634
52.621, -35.356
52.64, -35.3651
52.66, -35.3768
52.68, -35.3982
52.7, -35.4272
52.72, -35.4592
52.74, -35.4881
52.76, -35.5082
52.78, -35.5163
52.8, -35.512
52.82, -35.4986
52.84, -35.482
52.861, -35.4576
52.88, -35.464
52.9, -35.4766
52.92, -35.504
52.941, -35.54
52.961, -35.5786
52.98, -35.6116
53, -35.6234
53.02, -35.6144
53.04, -35.5889
53.06, -35.5567
53.08, -35.531
53.1, -35.5239
53.12, -35.543
53.14, -35.5879
53.161, -35.6479
53.18, -35.7165
53.2, -35.7789
53.22, -35.8285
53.24, -35.8643
53.26, -35.8894
53.28, -35.9074
53.3, -35.9209
53.32, -35.9303
53.341, -35.9245
53.36, -35.9375
53.381, -35.9211
53.4, -35.9309
53.42, -35.9292
53.44, -35.9322
53.46, -35.9426
53.48, -35.962
53.5, -35.9902
53.52, -36.0248
53.54, -36.0615
53.56, -36.0948
53.58, -36.1188
53.6, -36.1294
53.62, -36.1252
53.64, -36.1088
53.66, -36.0862
53.68, -36.066
53.701, -36.0402
53.72, -36.0603
53.741, -36.0772
53.76, -36.1219
53.78, -36.1675
53.8, -36.2091
53.82, -36.2401
53.841, -36.2574
53.861, -36.2657
53.88, -36.2724
53.9, -36.2716
53.92, -36.2698
53.94, -36.2683
53.96, -36.2674
53.98, -36.2672
54, -36.2679
54.02, -36.2698
54.04, -36.2733
54.06, -36.2789
54.08, -36.2871
54.1, -36.2981
54.12, -36.3122
54.14, -36.3287
54.161, -36.3446
54.18, -36.3627
54.2, -36.3733
54.221, -36.3667
54.24, -36.3691
54.261, -36.3372
54.28, -36.3331
54.3, -36.3169
54.32, -36.3114
54.341, -36.3079
54.36, -36.3433
54.38, -36.3823
54.4, -36.4288
54.42, -36.4773
54.44, -36.5234
54.46, -36.5647
54.48, -36.5992
54.5, -36.6241
54.521, -36.6303
54.54, -36.6353
54.56, -36.6166
54.581, -36.5685
54.6, -36.5477
54.62, -36.5099
54.641, -36.4612
54.66, -36.4535
54.68, -36.4456
54.701, -36.4439
54.722, -36.4551
54.74, -36.4758
54.761, -36.489
54.78, -36.4964
54.8, -36.4844
54.82, -36.4531
54.841, -36.3886
54.86, -36.3497
54.88, -36.2971
54.9, -36.2616
54.92, -36.2537
54.94, -36.2772
54.96, -36.3266
54.98, -36.3889
55.001, -36.4464
55.02, -36.4922
55.04, -36.5198
55.06, -36.5336
55.08, -36.5407
55.101, -36.5415
55.12, -36.5567
55.14, -36.5684
55.16, -36.58
55.18, -36.5877
55.2, -36.5881
55.22, -36.5801
55.24, -36.5645
55.26, -36.5444
55.28, -36.524
55.302, -36.4868
55.32, -36.4908
55.34, -36.4908
55.36, -36.4997
55.38, -36.5145
55.4, -36.53
55.42, -36.5401
55.44, -36.5393
55.461, -36.5122
55.481, -36.4866
55.5, -36.4744
55.52, -36.451
55.54, -36.4428
55.56, -36.4558
55.581, -36.4821
55.6, -36.5367
55.62, -36.5943
55.64, -36.6498
55.66, -36.6975
55.68, -36.7355
55.701, -36.7639
55.72, -36.7873
55.74, -36.7994
55.76, -36.8009
55.78, -36.7906
55.8, -36.7692
55.821, -36.7222
55.84, -36.7062
55.861, -36.6609
55.88, -36.6525
55.9, -36.643
55.92, -36.6459
55.94, -36.6591
55.96, -36.678
55.981, -36.6958
56, -36.7093
56.02, -36.7082
56.04, -36.6916
56.061, -36.6455
56.08, -36.6222
56.1, -36.5825
56.12, -36.554
56.14, -36.5464
56.16, -36.565
56.18, -36.6084
56.2, -36.6683
56.22, -36.7321
56.241, -36.7887
56.26, -36.8293
56.28, -36.8568
56.3, -36.8738
56.32, -36.8843
56.34, -36.891
56.361, -36.8861
56.38, -36.8949
56.4, -36.8893
56.421, -36.8643
56.44, -36.8643
56.461, -36.8355
56.48, -36.8354
56.5, -36.8287
56.52, -36.8293
56.54, -36.8375
56.56, -36.8528
56.58, -36.8726
56.6, -36.8933
56.62, -36.9106
56.64, -36.92
56.66, -36.9186
56.68, -36.9066
56.7, -36.888
56.72, -36.8699
56.741, -36.8434
56.76, -36.8642
56.78, -36.8892
56.8, -36.9302
56.82, -36.9803
56.84, -37.0309
56.86, -37.0754
56.88, -37.1109
56.9, -37.1377
56.92, -37.1572
56.94, -37.1696
56.96, -37.173
56.98, -37.1649
57, -37.144
57.02, -37.1116
57.041, -37.0539
57.06, -37.0305
57.08, -36.9965
57.1, -36.9741
57.121, -36.9567
57.14, -36.9684
57.161, -36.9839
57.18, -37.0081
57.201, -37.0311
57.22, -37.0487
57.24, -37.0518
57.26, -37.0385
57.28, -37.0093
57.3, -36.9695
57.32, -36.9285
57.34, -36.8978
57.36, -36.8881
57.38, -36.9057
57.4, -36.9496
57.421, -37.0083
57.44, -37.0724
57.46, -37.1275
57.48, -37.1657
57.501, -37.1865
57.52, -37.1966
57.54, -37.1988
57.56, -37.1982
57.58, -37.1964
57.6, -37.1935
57.62, -37.1887
57.64, -37.182
57.66, -37.1743
57.68, -37.1675
57.7, -37.1639
57.72, -37.1658
57.74, -37.1745
57.76, -37.1906
57.78, -37.2129
57.8, -37.2392
57.82, -37.2662
57.84, -37.2898
57.86, -37.3063
57.88, -37.3133
57.9, -37.3107
57.92, -37.3016
57.94, -37.2918
57.96, -37.2883
57.98, -37.2966
58, -37.3194
58.02, -37.3547
58.04, -37.3969
58.06, -37.4389
58.08, -37.475
58.1, -37.5027
58.12, -37.5223
58.14, -37.5356
58.16, -37.5436
58.18, -37.5454
58.201, -37.5303
58.22, -37.5243
58.24, -37.4989
58.26, -37.4677
58.28, -37.4361
58.3, -37.4105
58.321, -37.3837
58.34, -37.392
58.36, -37.4062
58.381, -37.4301
58.4, -37.4625
58.421, -37.4946
58.44, -37.5213
58.46, -37.5355
58.48, -37.536
58.5, -37.5238
58.52, -37.504
58.54, -37.4842
58.561, -37.4568
58.58, -37.4756
58.6, -37.5008
58.62, -37.5446
58.641, -37.5974
58.66, -37.6559
58.68, -37.7081
58.7, -37.7485
58.721, -37.777
58.74, -37.794
58.761, -37.8029
58.78, -37.8128
58.8, -37.8174
58.82, -37.8199
58.84, -37.8201
58.861, -37.8067
58.881, -37.8038
58.9, -37.8134
58.92, -37.816
58.94, -37.825
58.96, -37.8419
58.98, -37.8667
59.001, -37.8959
59.02, -37.9304
59.04, -37.9633
59.06, -37.991
59.08, -38.0102
59.1, -38.0197
59.121, -38.0107
59.141, -38.007
59.16, -38.0164
59.18, -38.0202
59.201, -38.0226
59.22, -38.0554
59.24, -38.0865
59.262, -38.1093
59.28, -38.1433
59.3, -38.1663
59.32, -38.1823
59.34, -38.1931
59.36, -38.2014
59.38, -38.2088
59.4, -38.2147
59.42, -38.2164
59.441, -38.2017
59.46, -38.1968
59.48, -38.173
59.5, -38.145
59.52, -38.1191
59.54, -38.1019
59.56, -38.0988
59.58, -38.1117
59.6, -38.139
59.62, -38.1756
59.64, -38.2144
59.66, -38.2478
59.68, -38.2701
59.7, -38.2783
59.72, -38.2728
59.74, -38.2572
59.76, -38.2378
59.78, -38.2218
59.8, -38.2159
59.82, -38.2243
59.84, -38.2476
59.86, -38.2826
59.88, -38.3231
59.901, -38.3617
59.92, -38.3918
59.94, -38.4131
59.96, -38.4251
59.98, -38.4303
60, -38.432
60.022, -38.4213
60.04, -38.433
60.06, -38.4321
60.08, -38.4306
60.1, -38.4291
60.12, -38.4289
60.14, -38.4322
60.16, -38.441
60.18, -38.4567
60.2, -38.4796
60.22, -38.5083
60.24, -38.54
60.26, -38.5706
60.28, -38.5962
60.3, -38.6135
60.32, -38.6213
60.34, -38.6202
60.36, -38.6133
60.38, -38.6047
60.4, -38.5987
60.42, -38.5986
60.44, -38.6052
60.46, -38.6175
60.48, -38.6326
60.5, -38.6476
60.52, -38.6604
60.54, -38.67
60.56, -38.6771
60.58, -38.6828
60.6, -38.6877
60.62, -38.6908
60.64, -38.6894
60.661, -38.6712
60.68, -38.6624
60.7, -38.6345
60.72, -38.6018
60.74, -38.5712
60.76, -38.5499
60.782, -38.5232
60.8, -38.5448
60.821, -38.567
60.84, -38.6011
60.86, -38.6354
60.88, -38.6625
60.9, -38.6768
60.92, -38.676
60.94, -38.6614
60.96, -38.6374
60.98, -38.6104
61, -38.5873
61.02, -38.5739
61.04, -38.5734
61.061, -38.5775
61.08, -38.6059
61.101, -38.631
61.12, -38.6593
61.14, -38.6813
61.161, -38.6953
61.18, -38.7021
61.2, -38.7024
61.22, -38.6989
61.24, -38.6935
61.26, -38.687
61.28, -38.6796
61.3, -38.6711
61.32, -38.6622
61.34, -38.6543
61.36, -38.6497
61.38, -38.6511
61.4, -38.66
61.421, -38.6717
61.44, -38.697
61.46, -38.722
61.48, -38.7447
61.5, -38.7607
61.52, -38.7666
61.541, -38.7539
61.56, -38.7483
61.58, -38.7277
61.6, -38.7059
61.621, -38.674
61.64, -38.6736
61.66, -38.669
61.68, -38.6705
61.7, -38.6752
61.72, -38.6799
61.74, -38.6822
61.76, -38.6813
61.78, -38.6778
61.8, -38.6731
61.82, -38.6684
61.84, -38.6632
61.861, -38.6481
61.88, -38.6425
61.9, -38.6196
61.921, -38.5733
61.94, -38.5509
61.96, -38.5158
61.98, -38.4899
62, -38.4792
62.02, -38.4858
62.04, -38.507
62.06, -38.5355
62.08, -38.5621
62.1, -38.5786
62.12, -38.5805
62.14, -38.5674
62.16, -38.5427
62.18, -38.5121
62.2, -38.4818
62.22, -38.4571
62.24, -38.4412
62.261, -38.4235
62.281, -38.4263
62.3, -38.4412
62.321, -38.4471
62.34, -38.4598
62.36, -38.466
62.38, -38.4673
62.4, -38.4635
62.42, -38.4557
62.44, -38.445
62.46, -38.432
62.48, -38.4165
62.5, -38.3979
62.52, -38.376
62.54, -38.3524
62.56, -38.33
62.58, -38.3128
62.6, -38.3042
62.62, -38.306
62.64, -38.3173
62.66, -38.3345
62.681, -38.3494
62.7, -38.3651
62.72, -38.3693
62.74, -38.3631
62.76, -38.3478
62.78, -38.3265
62.8, -38.3036
62.82, -38.283
62.84, -38.2675
62.86, -38.2578
62.88, -38.2532
62.9, -38.2518
62.921, -38.2442
62.941, -38.2439
62.96, -38.2466
62.98, -38.2441
63, -38.2408
63.021, -38.2342
63.04, -38.2346
63.061, -38.2246
63.08, -38.2224
63.1, -38.2044
63.12, -38.1745
63.14, -38.1334
63.16, -38.0863
63.181, -38.0256
63.2, -38.0066
63.22, -37.9934
63.24, -38.001
63.26, -38.0242
63.28, -38.0528
63.3, -38.0752
63.32, -38.0825
63.34, -38.0717
63.36, -38.0453
63.38, -38.0096
63.4, -37.9724
63.42, -37.9409
63.44, -37.9198
63.46, -37.911
63.48, -37.9132
63.5, -37.9232
63.52, -37.9368
63.54, -37.9497
63.56, -37.9586
63.58, -37.9612
63.6, -37.9569
63.621, -37.9418
63.64, -37.9324
63.66, -37.9167
63.68, -37.901
63.7, -37.8855
63.72, -37.8686
63.74, -37.8489
63.76, -37.8263
63.78, -37.803
63.8, -37.7827
63.82, -37.7694
63.84, -37.7659
63.86, -37.772
63.88, -37.7843
63.9, -37.7974
63.921, -37.8001
63.941, -37.7986
63.96, -37.7952
63.98, -37.7763
64, -37.7532
64.02, -37.7304
64.04, -37.7113
64.06, -37.6977
64.08, -37.6894
64.1, -37.6847
64.121, -37.672
64.14, -37.6761
64.16, -37.6715
64.18, -37.6649
64.202, -37.644
64.22, -37.6419
64.241, -37.6227
64.26, -37.6147
64.28, -37.6007
64.3, -37.5852
64.32, -37.565
64.34, -37.5368
64.36, -37.4995
64.38, -37.4559
64.4, -37.4127
64.42, -37.3785
64.441, -37.35
64.46, -37.3588
64.48, -37.375
64.5, -37.3962
64.52, -37.411
64.54, -37.4114
64.56, -37.3956
64.581, -37.3554
64.6, -37.3348
64.62, -37.3039
64.64, -37.2803
64.66, -37.2661
64.68, -37.2604
64.7, -37.2604
64.72, -37.2631
64.74, -37.266
64.761, -37.2602
64.78, -37.2638
64.8, -37.2573
64.821, -37.2394
64.84, -37.2289
64.861, -37.2017
64.88, -37.1892
64.9, -37.1696
64.92, -37.1503
64.94, -37.1291
64.961, -37.0911
64.98, -37.0749
65.001, -37.0314
65.02, -37.0185
65.04, -37.0025
65.06, -36.9984
65.08, -37.0046
65.1, -37.0157
65.12, -37.0242
65.14, -37.0243
65.16, -37.0141
65.18, -36.9961
65.201, -36.9631
65.221, -36.9443
65.24, -36.9421
65.26, -36.935
65.28, -36.9324
65.3, -36.9308
65.32, -36.9269
65.34, -36.9188
65.36, -36.9066
65.38, -36.8916
65.4, -36.8752
65.421, -36.8498
65.44, -36.84
65.46, -36.8238
65.48, -36.8096
65.5, -36.7976
65.52, -36.786
65.54, -36.7704
65.56, -36.7458
65.581, -36.6947
65.6, -36.6629
65.62, -36.6136
65.64, -36.5716
65.66, -36.5466
65.681, -36.5339
65.701, -36.5496
65.72, -36.5775
65.75, -36.4977
65.764, -36.5306
65.78, -36.5495
65.801, -36.5143
65.82, -36.5004
65.84, -36.4774
65.86, -36.4616
65.88, -36.4534
65.9, -36.4512
65.92, -36.4523
65.94, -36.4547
65.96, -36.4572
65.98, -36.4589
66, -36.4584
66.02, -36.4537
66.04, -36.443
66.06, -36.4265
66.08, -36.4059
66.1, -36.3847
66.12, -36.3655
66.14, -36.3486
66.16, -36.3317
66.18, -36.3117
66.2, -36.2875
66.22, -36.2613
66.24, -36.2382
66.26, -36.2238
66.28, -36.2209
66.3, -36.2277
66.32, -36.2378
66.34, -36.2433
66.36, -36.2394
66.38, -36.2264
66.4, -36.2088
66.42, -36.1923
66.44, -36.1814
66.46, -36.1777
66.48, -36.1795
66.5, -36.183
66.521, -36.1735
66.54, -36.1791
66.56, -36.1693
66.58, -36.1552
66.6, -36.1389
66.62, -36.1215
66.641, -36.0927
66.66, -36.0841
66.68, -36.0667
66.7, -36.052
66.72, -36.042
66.74, -36.0365
66.76, -36.0316
66.78, -36.0202
66.8, -35.9959
66.821, -35.9416
66.84, -35.9061
66.86, -35.8554
66.88, -35.8165
66.9, -35.7986
66.92, -35.8026
66.94, -35.8203
66.962, -35.8212
66.98, -35.8436
67, -35.8383
67.02, -35.8235
67.041, -35.7932
67.06, -35.7888
67.08, -35.7776
67.1, -35.7703
67.12, -35.7649
67.14, -35.7599
67.16, -35.7555
67.18, -35.753
67.2, -35.7531
67.22, -35.7548
67.24, -35.7552
67.26, -35.7509
67.281, -35.7306
67.3, -35.7231
67.32, -35.7048
